0000000000
0000000000
0000000000
0000000000
0000000000
0000000000
0000000000
0000000000
0000000000
0000000000
0000000000
0000000000
0000000000
0000000000
0000000000
0000000000
0000000000
0000000000
0000000000
0000000000
0000000000
0000000000
0000000000
0000000000
0000000000
0000000000
0000000000
0000000000
0000000000
0000000000
0000000000
0000000000
0000000000
0000000001
0000000010
0000000011
0000000100
0000000101
0000000110
0000000111
0000001000
0000001001
0000001010
0000001011
0000001100
0000001101
0000001110
0000001111
0000010000
0000010001
0000010010
0000010011
0000010100
0000010101
0000010110
0000010111
0000011000
0000011001
0000011010
0000011011
0000011100
0000011101
0000011110
0000011111
0000000000
0000000010
0000000100
0000000110
0000001000
0000001010
0000001100
0000001110
0000010000
0000010010
0000010100
0000010110
0000011000
0000011010
0000011100
0000011110
0000100000
0000100010
0000100100
0000100110
0000101000
0000101010
0000101100
0000101110
0000110000
0000110010
0000110100
0000110110
0000111000
0000111010
0000111100
0000111110
0000000000
0000000011
0000000110
0000001001
0000001100
0000001111
0000010010
0000010101
0000011000
0000011011
0000011110
0000100001
0000100100
0000100111
0000101010
0000101101
0000110000
0000110011
0000110110
0000111001
0000111100
0000111111
0001000010
0001000101
0001001000
0001001011
0001001110
0001010001
0001010100
0001010111
0001011010
0001011101
0000000000
0000000100
0000001000
0000001100
0000010000
0000010100
0000011000
0000011100
0000100000
0000100100
0000101000
0000101100
0000110000
0000110100
0000111000
0000111100
0001000000
0001000100
0001001000
0001001100
0001010000
0001010100
0001011000
0001011100
0001100000
0001100100
0001101000
0001101100
0001110000
0001110100
0001111000
0001111100
0000000000
0000000101
0000001010
0000001111
0000010100
0000011001
0000011110
0000100011
0000101000
0000101101
0000110010
0000110111
0000111100
0001000001
0001000110
0001001011
0001010000
0001010101
0001011010
0001011111
0001100100
0001101001
0001101110
0001110011
0001111000
0001111101
0010000010
0010000111
0010001100
0010010001
0010010110
0010011011
0000000000
0000000110
0000001100
0000010010
0000011000
0000011110
0000100100
0000101010
0000110000
0000110110
0000111100
0001000010
0001001000
0001001110
0001010100
0001011010
0001100000
0001100110
0001101100
0001110010
0001111000
0001111110
0010000100
0010001010
0010010000
0010010110
0010011100
0010100010
0010101000
0010101110
0010110100
0010111010
0000000000
0000000111
0000001110
0000010101
0000011100
0000100011
0000101010
0000110001
0000111000
0000111111
0001000110
0001001101
0001010100
0001011011
0001100010
0001101001
0001110000
0001110111
0001111110
0010000101
0010001100
0010010011
0010011010
0010100001
0010101000
0010101111
0010110110
0010111101
0011000100
0011001011
0011010010
0011011001
0000000000
0000001000
0000010000
0000011000
0000100000
0000101000
0000110000
0000111000
0001000000
0001001000
0001010000
0001011000
0001100000
0001101000
0001110000
0001111000
0010000000
0010001000
0010010000
0010011000
0010100000
0010101000
0010110000
0010111000
0011000000
0011001000
0011010000
0011011000
0011100000
0011101000
0011110000
0011111000
0000000000
0000001001
0000010010
0000011011
0000100100
0000101101
0000110110
0000111111
0001001000
0001010001
0001011010
0001100011
0001101100
0001110101
0001111110
0010000111
0010010000
0010011001
0010100010
0010101011
0010110100
0010111101
0011000110
0011001111
0011011000
0011100001
0011101010
0011110011
0011111100
0100000101
0100001110
0100010111
0000000000
0000001010
0000010100
0000011110
0000101000
0000110010
0000111100
0001000110
0001010000
0001011010
0001100100
0001101110
0001111000
0010000010
0010001100
0010010110
0010100000
0010101010
0010110100
0010111110
0011001000
0011010010
0011011100
0011100110
0011110000
0011111010
0100000100
0100001110
0100011000
0100100010
0100101100
0100110110
0000000000
0000001011
0000010110
0000100001
0000101100
0000110111
0001000010
0001001101
0001011000
0001100011
0001101110
0001111001
0010000100
0010001111
0010011010
0010100101
0010110000
0010111011
0011000110
0011010001
0011011100
0011100111
0011110010
0011111101
0100001000
0100010011
0100011110
0100101001
0100110100
0100111111
0101001010
0101010101
0000000000
0000001100
0000011000
0000100100
0000110000
0000111100
0001001000
0001010100
0001100000
0001101100
0001111000
0010000100
0010010000
0010011100
0010101000
0010110100
0011000000
0011001100
0011011000
0011100100
0011110000
0011111100
0100001000
0100010100
0100100000
0100101100
0100111000
0101000100
0101010000
0101011100
0101101000
0101110100
0000000000
0000001101
0000011010
0000100111
0000110100
0001000001
0001001110
0001011011
0001101000
0001110101
0010000010
0010001111
0010011100
0010101001
0010110110
0011000011
0011010000
0011011101
0011101010
0011110111
0100000100
0100010001
0100011110
0100101011
0100111000
0101000101
0101010010
0101011111
0101101100
0101111001
0110000110
0110010011
0000000000
0000001110
0000011100
0000101010
0000111000
0001000110
0001010100
0001100010
0001110000
0001111110
0010001100
0010011010
0010101000
0010110110
0011000100
0011010010
0011100000
0011101110
0011111100
0100001010
0100011000
0100100110
0100110100
0101000010
0101010000
0101011110
0101101100
0101111010
0110001000
0110010110
0110100100
0110110010
0000000000
0000001111
0000011110
0000101101
0000111100
0001001011
0001011010
0001101001
0001111000
0010000111
0010010110
0010100101
0010110100
0011000011
0011010010
0011100001
0011110000
0011111111
0100001110
0100011101
0100101100
0100111011
0101001010
0101011001
0101101000
0101110111
0110000110
0110010101
0110100100
0110110011
0111000010
0111010001
0000000000
0000010000
0000100000
0000110000
0001000000
0001010000
0001100000
0001110000
0010000000
0010010000
0010100000
0010110000
0011000000
0011010000
0011100000
0011110000
0100000000
0100010000
0100100000
0100110000
0101000000
0101010000
0101100000
0101110000
0110000000
0110010000
0110100000
0110110000
0111000000
0111010000
0111100000
0111110000
0000000000
0000010001
0000100010
0000110011
0001000100
0001010101
0001100110
0001110111
0010001000
0010011001
0010101010
0010111011
0011001100
0011011101
0011101110
0011111111
0100010000
0100100001
0100110010
0101000011
0101010100
0101100101
0101110110
0110000111
0110011000
0110101001
0110111010
0111001011
0111011100
0111101101
0111111110
1000001111
0000000000
0000010010
0000100100
0000110110
0001001000
0001011010
0001101100
0001111110
0010010000
0010100010
0010110100
0011000110
0011011000
0011101010
0011111100
0100001110
0100100000
0100110010
0101000100
0101010110
0101101000
0101111010
0110001100
0110011110
0110110000
0111000010
0111010100
0111100110
0111111000
1000001010
1000011100
1000101110
0000000000
0000010011
0000100110
0000111001
0001001100
0001011111
0001110010
0010000101
0010011000
0010101011
0010111110
0011010001
0011100100
0011110111
0100001010
0100011101
0100110000
0101000011
0101010110
0101101001
0101111100
0110001111
0110100010
0110110101
0111001000
0111011011
0111101110
1000000001
1000010100
1000100111
1000111010
1001001101
0000000000
0000010100
0000101000
0000111100
0001010000
0001100100
0001111000
0010001100
0010100000
0010110100
0011001000
0011011100
0011110000
0100000100
0100011000
0100101100
0101000000
0101010100
0101101000
0101111100
0110010000
0110100100
0110111000
0111001100
0111100000
0111110100
1000001000
1000011100
1000110000
1001000100
1001011000
1001101100
0000000000
0000010101
0000101010
0000111111
0001010100
0001101001
0001111110
0010010011
0010101000
0010111101
0011010010
0011100111
0011111100
0100010001
0100100110
0100111011
0101010000
0101100101
0101111010
0110001111
0110100100
0110111001
0111001110
0111100011
0111111000
1000001101
1000100010
1000110111
1001001100
1001100001
1001110110
1010001011
0000000000
0000010110
0000101100
0001000010
0001011000
0001101110
0010000100
0010011010
0010110000
0011000110
0011011100
0011110010
0100001000
0100011110
0100110100
0101001010
0101100000
0101110110
0110001100
0110100010
0110111000
0111001110
0111100100
0111111010
1000010000
1000100110
1000111100
1001010010
1001101000
1001111110
1010010100
1010101010
0000000000
0000010111
0000101110
0001000101
0001011100
0001110011
0010001010
0010100001
0010111000
0011001111
0011100110
0011111101
0100010100
0100101011
0101000010
0101011001
0101110000
0110000111
0110011110
0110110101
0111001100
0111100011
0111111010
1000010001
1000101000
1000111111
1001010110
1001101101
1010000100
1010011011
1010110010
1011001001
0000000000
0000011000
0000110000
0001001000
0001100000
0001111000
0010010000
0010101000
0011000000
0011011000
0011110000
0100001000
0100100000
0100111000
0101010000
0101101000
0110000000
0110011000
0110110000
0111001000
0111100000
0111111000
1000010000
1000101000
1001000000
1001011000
1001110000
1010001000
1010100000
1010111000
1011010000
1011101000
0000000000
0000011001
0000110010
0001001011
0001100100
0001111101
0010010110
0010101111
0011001000
0011100001
0011111010
0100010011
0100101100
0101000101
0101011110
0101110111
0110010000
0110101001
0111000010
0111011011
0111110100
1000001101
1000100110
1000111111
1001011000
1001110001
1010001010
1010100011
1010111100
1011010101
1011101110
1100000111
0000000000
0000011010
0000110100
0001001110
0001101000
0010000010
0010011100
0010110110
0011010000
0011101010
0100000100
0100011110
0100111000
0101010010
0101101100
0110000110
0110100000
0110111010
0111010100
0111101110
1000001000
1000100010
1000111100
1001010110
1001110000
1010001010
1010100100
1010111110
1011011000
1011110010
1100001100
1100100110
0000000000
0000011011
0000110110
0001010001
0001101100
0010000111
0010100010
0010111101
0011011000
0011110011
0100001110
0100101001
0101000100
0101011111
0101111010
0110010101
0110110000
0111001011
0111100110
1000000001
1000011100
1000110111
1001010010
1001101101
1010001000
1010100011
1010111110
1011011001
1011110100
1100001111
1100101010
1101000101
0000000000
0000011100
0000111000
0001010100
0001110000
0010001100
0010101000
0011000100
0011100000
0011111100
0100011000
0100110100
0101010000
0101101100
0110001000
0110100100
0111000000
0111011100
0111111000
1000010100
1000110000
1001001100
1001101000
1010000100
1010100000
1010111100
1011011000
1011110100
1100010000
1100101100
1101001000
1101100100
0000000000
0000011101
0000111010
0001010111
0001110100
0010010001
0010101110
0011001011
0011101000
0100000101
0100100010
0100111111
0101011100
0101111001
0110010110
0110110011
0111010000
0111101101
1000001010
1000100111
1001000100
1001100001
1001111110
1010011011
1010111000
1011010101
1011110010
1100001111
1100101100
1101001001
1101100110
1110000011
0000000000
0000011110
0000111100
0001011010
0001111000
0010010110
0010110100
0011010010
0011110000
0100001110
0100101100
0101001010
0101101000
0110000110
0110100100
0111000010
0111100000
0111111110
1000011100
1000111010
1001011000
1001110110
1010010100
1010110010
1011010000
1011101110
1100001100
1100101010
1101001000
1101100110
1110000100
1110100010
0000000000
0000011111
0000111110
0001011101
0001111100
0010011011
0010111010
0011011001
0011111000
0100010111
0100110110
0101010101
0101110100
0110010011
0110110010
0111010001
0111110000
1000001111
1000101110
1001001101
1001101100
1010001011
1010101010
1011001001
1011101000
1100000111
1100100110
1101000101
1101100100
1110000011
1110100010
1111000001
